1 -2 0,5 -77
1 2 0,5 -239
1 -2 0,5 -296
1 1 0,5 -357
1 -1 0,5 -393
2 -2 0,5 -180
2 2 0,5 -184
2 -2 0,5 -188
2 -2 0,5 -221
2 -1 0,5 -224
2 0 0,5 -227
2 2 0,5 -230
2 -2 0,5 -239
2 0 0,5 -242
2 2 0,5 -247
2 2 0,5 -307
2 -2 0,5 -348
2 -2 0,5 -353
3 2 0,35 -59
3 2 1,05 -59
3 1 0,35 -59
3 1 1,05 -59
3 0 0,35 -59
3 0 1,05 -59
3 -2 0,35 -65
3 -2 1,05 -65
3 -1 0,35 -65
3 -1 1,05 -65
3 0 0,35 -65
3 0 1,05 -65
3 2 0,35 -71
3 2 1,05 -71
3 1 0,35 -71
3 1 1,05 -71
3 0 0,35 -71
3 0 1,05 -71
3 -1 0,35 -77
3 -1 1,05 -77
3 0 0,35 -77
3 0 1,05 -77
4 -2 0,35 -116
4 -2 1,05 -116
4 -1 0,35 -116
4 -1 1,05 -116
4 1 0,35 -116
4 1 1,05 -116
4 2 0,35 -116
4 2 1,05 -116
4 2 0,35 -124
4 2 1,05 -124
4 1 0,35 -124
4 1 1,05 -124
4 0 0,35 -124
4 0 1,05 -124
4 -1 0,35 -124
4 -1 1,05 -124
4 0 0,35 -139
4 0 1,05 -139
4 1 0,35 -139
4 1 1,05 -139
4 2 0,35 -139
4 2 1,05 -139
4 2 0,35 -145
4 2 1,05 -145
4 1 0,35 -145
4 1 1,05 -145
4 0 0,35 -145
4 0 1,05 -145
5 -1 0,35 -174
5 -1 1,05 -174
5 0 0,35 -174
5 0 1,05 -174
5 -1 0,35 -199
5 -1 1,05 -199
5 0 0,35 -202
5 0 1,05 -202
5 -1 0,35 -206
5 -1 1,05 -206
6 -1 0,35 -301
6 -1 1,05 -301
6 0 0,35 -301
6 0 1,05 -301
6 1 0,35 -301
6 1 1,05 -301
6 -2 0,35 -336
6 -2 1,05 -336
6 2 0,35 -336
6 2 1,05 -336
6 -2 0,35 -337
6 -2 1,05 -337
6 2 0,35 -337
6 2 1,05 -337
6 -2 0,35 -338
6 -2 1,05 -338
6 2 0,35 -338
6 2 1,05 -338
6 -2 0,35 -339
6 -2 1,05 -339
6 2 0,35 -339
6 2 1,05 -339
7 1 0,35 -357
7 1 1,05 -357
7 0 0,35 -357
7 0 1,05 -357
7 0 0,35 -395
7 0 1,05 -395
7 1 0,35 -395
7 1 1,05 -395
7 -1 0,35 -414
7 -1 1,05 -414
7 0 0,35 -414
7 0 1,05 -414
7 1 0,35 -414
7 1 1,05 -414
8 -2 1,5 -294
8 2 1,5 -294
8 -2 1,5 -311
8 -1 1,5 -313
8 0 1,5 -315
8 1 1,5 -317
8 2 1,5 -319
8 -1 1,5 -343
8 1 1,5 -343
8 -1 1,5 -399
8 -2 1,5 -418
8 2 1,5 -418
