11111
11111
11111
11111
11111
11111
11111
11111
11111
11111
11110
01111
11110
01111
11110
01111
11110
01111
11110
01111
00111
00111
00111
00111
00111
00011
00011
00011
00011
00011
00001
00001
00001
00001
00001
00001
00001
00011
00111
01110
11100
11000
11000
10000
10000
10000
10000
10000
10000
11000
11110
11111
11111
11111
11111
11111
11111
11111
11111
11111
11111
11111
11111
11111
11111
11111
11111
11111
11111
11111
11111
11111
11111
11111
11111
11111
11111
11111
11111
11111
11111
11111
11111
11111
11111
22222
22222
22222
22222
22222
22222
22222
22222
66666
00000
00000
00000
22222
22222
22222
22222
22222
22222
66066
00000
00000
00000
22022
22022
22022
22222
22222
22222
22222
22222
22222
22222
22222
22222
22222
22222
22222
22222
22222
22222
22222
22222
22222
22222
22222
22222
22266
00000
00000
00000
22222
22222
22222
22222
22222
22222
22222
22222
22222
22222
22266
00000
00000
00000
00022
00022
00222
00220
02200
02200
22000
22000
22000
22000
66000
00000
00000
00000
22000
22000
22000
66000
00000
00000
00000
22222
33333
33333
33333
33333
33333
33333
33333
33333
33333
33333
33333
33333
33333
33333
33333
33333
33333
33333
33333
33333
33333
00666
00000
00000
00000
00033
00033
00033
00033
00033
00033
00033
00033
00033
00033
00033
00033
00033
00033
00063
00000
00000
00000
03330
33300
33330
33330
33330
33333
33333
33333
33333
33333
33333
33333
33333
33333
33333
33333
33333
33333
33333
33333
60333
00333
00333
00333
30333
30333
60333
00333
00333
00333
33333
33333
33333
33333
33333
33333
44444
44444
44444
44444
44044
44044
44044
44044
44044
40004
40004
40004
40004
40004
44044
44044
44044
44044
04440
04440
04440
44444
44044
44044
44044
44044
44044
40004
40004
40004
40004
40004
44044
44044
44044
44044
60006
00000
00000
00000
40004
44044
44044
44044
44044
44044
44044
44444
44444
44444
44444
44444
44444
44444
44444
44444
44444
44444
44444
44444
44444
44444
44444
44444
44444
44444
44444
44444
44444
44444
44444
44444
44044
40004
40004
60006
00000
00000
00000
60006
00000
00000
00000
44444
44444
44444
44444
44444
44444
44444
44444
55555
55555
55555
55555
55555
55555
55555
55555
55555
55555
55555
55555
55555
55555
55555
55555
55555
55555
55555
00055
00055
00055
00066
00000
00000
00000
00055
00555
00555
00555
05555
05555
55555
55555
55555
55555
55555
55555
55555
55555
55555
55555
55555
55555
55555
05550
05550
05550
06660
00000
00000
00000
05550
05550
05550
05550
05550
05550
05550
05550
05550
05550
05050
05050
55055
55055
50005
50005
50005
50005
55555
55555
55555
55555
55555
55555
55555
55555
05650
00000
00000
00000
05550
55555
55555
55555
55555
55555
55555
