1 1 0,5 -126
1 -2 0,5 -30
1 -2 0,5 -296
1 1 0,5 -357
1 -1 0,5 -393
2 0 0,5 -50
2 0 0,5 -502
2 -1 0,5 -514
2 1 0,5 -560
2 0 0,5 -668
2 0 0,5 -724
2 -1 0,5 -784
2 -1 0,5 -818
2 1 0,5 -818
3 -1 1,5 -64
3 -2 1,5 -69
3 0 1,5 -73
3 1 1,5 -79
3 -2 1,5 -115
3 1 1,5 -131
3 1 1,5 -162
3 -1 1,5 -201
3 0 1,5 -203
3 1 1,5 -205
3 -1 1,5 -209
3 -1 1,5 -227
3 1 1,5 -281
3 -2 1,5 -326
3 2 1,5 -326
3 1 1,5 -339
3 0 1,5 -363
3 -1 1,5 -393
3 0 1,5 -395
4 -0,225 0,13 -25
4 0,755 0,13 -25
4 1,755 0,13 -25
4 -0,225 0,13 -31
4 -1,225 0,13 -31
4 0,755 0,13 -48
4 -2,225 0,13 -77
4 -0,225 0,13 -110
4 0,755 0,13 -111
4 1,755 0,13 -112
4 1,755 0,13 -127
4 -0,225 0,13 -127
4 -0,225 0,13 -157
4 -0,225 0,13 -171
4 -2,225 0,13 -173
4 -1,225 0,13 -176
4 -2,225 0,13 -181
4 -1,225 0,13 -185
4 -1,225 0,13 -190
4 -2,225 0,13 -229
4 -0,755 0,13 -267
4 0,755 0,13 -268
4 1,755 0,13 -315
4 -0,225 0,13 -322
4 0,755 0,13 -322
4 1,755 0,13 -322
4 -0,225 0,13 -329
4 0,755 0,13 -329
4 -2,225 0,13 -355
4 -1,225 0,13 -357
4 0,755 0,13 -357
4 0,755 0,13 -382
4 0,755 0,13 -394
4 1,755 0,13 -394
4 0,755 0,13 -404
