55555
55555
55555
55555
55555
55555
55555
55555
00500
00500
00500
00500
00500
00500
00500
05550
05550
05050
05050
05050
05050
55555
55555
55555
55555
55555
55555
55555
55555
55555
55555
55555
55555
55555
55555
33333
00000
00000
00000
55555
55555
55555
05555
05555
00555
00555
00550
05550
05550
55500
55500
55000
55000
33000
00000
00000
00000
55000
55000
55000
55555
55555
55555
55555
55555
55555
05555
05555
05555
05555
05555
05555
05555
05555
05555
05555
05555
05555
05555
05555
05555
05555
00050
00050
00050
00050
00050
00550
00550
00500
05500
05500
05500
05500
05500
00550
00550
00055
00055
00550
05550
05500
00500
00500
55555
22222
22222
22222
22222
22222
22222
22222
22222
22222
22222
22222
22222
22222
20222
20222
20222
20222
20222
00222
00222
00222
22222
22222
22222
22222
22222
22222
22222
22222
22222
02220
02220
02220
00300
00000
00000
00000
00300
00000
00000
00000
00300
00000
00000
00000
00200
00200
00200
00222
00222
00222
00222
00222
00220
00220
00220
00220
00220
00200
02200
02200
22200
22200
22200
22200
22300
00000
00000
00000
00220
00220
00220
00022
00022
00022
00022
00022
00022
00022
00022
00022
00022
00022
00022
00022
00022
00022
00020
00220
00220
00200
00200
02222
02222
02222
02222
02222
02222
02222
02222
02222
02222
02222
02222
02222
02222
04444
04444
04444
04444
04004
04004
44044
44044
40040
40040
40040
40040
44040
04440
04440
04440
04440
04440
04440
00044
00044
00044
00044
00044
00030
00000
00000
00000
00300
00000
00000
00000
00400
00400
00400
04440
04440
04440
04440
04440
04440
04440
04440
04440
04440
04440
04440
04440
44440
44400
44400
33300
00000
00000
00000
04440
04440
04440
04440
04440
04440
04440
04440
04440
00444
00444
00444
00444
00044
00044
00444
04444
44444
44444
44444
44444
44444
34444
00000
00000
00000
10000
00000
00000
00000
40000
40000
44000
04000
04400
00400
00440
00040
00030
00000
00000
00000
00030
00000
00000
00000
44444
44444
44444
44444
44444
11111
11111
11111
11111
11111
11111
11111
11111
11111
11111
11111
11111
11111
11111
11111
11111
11111
11111
11111
11111
11111
11111
10111
10111
30111
00110
00110
00110
10130
11000
11000
01000
01030
11000
11000
11000
11111
11111
11111
11111
11111
11111
11111
11111
11111
11111
01110
01110
01110
01110
01110
01110
00100
00100
01100
01100
01000
11000
11000
11000
10000
10000
30000
00000
00000
00000
30000
00000
00000
00000
11110
11110
11110
11110
11110
11110
11110
11110
11110
11110
11110
11110
11110
11110
11110
11110
11110
11110
11110
11110
11110
01100
01100
01100
03300
00000
00000
00000
03300
00000
00000
00000
01100
01100
11111
11111
11111
11111
11111
11111
11111
11111
