11111
11111
11111
11111
11111
11111
11111
11011
11011
11011
11011
10001
10001
11011
01010
01010
11011
10001
10001
11011
01010
01010
11011
10001
10001
11111
00100
01110
01110
01110
01110
01110
01110
02320
00000
02320
00000
02320
00000
00100
00100
00100
11111
11111
10001
10001
11011
11011
01010
04040
00000
00000
00000
01010
01010
01110
01110
01110
11111
11111
10001
10001
10001
12321
00000
02320
00000
02320
00000
11111
11111
11011
11011
11011
11011
11011
01010
11111
11111
11011
11011
11011
11011
11011
01110
11111
11111
11011
11011
11011
11011
11011
01110
11111
11111
01110
01110
01110
01110
02320
00000
02320
00000
02320
00000
11111
11111
11111
11111
55555
05555
00555
00055
00055
00055
55555
55550
55500
55000
55000
55000
55000
55500
05500
05500
55555
55555
66000
06600
00660
00066
00006
00006
00006
00006
00066
00660
06600
66000
55555
55055
55055
55055
05550
05550
00500
05550
05550
55555
55555
66000
06600
00660
00066
00006
00006
00006
00006
00066
00660
06600
66000
55555
55004
55000
45000
00000
00400
00000
50000
50000
50004
55000
05000
55000
50400
55000
55000
45000
00004
00000
00000
50000
55055
55055
50505
50505
55055
55055
05550
00500
05550
55055
55055
50505
50505
55055
55055
05550
00500
05550
05550
55555
50005
55555
55555
50005
55555
55555
50005
55555
44444
00000
00000
00000
40404
00000
00000
00000
44444
00000
00000
00000
00700
07770
77777
70007
77777
07770
00700
00400
00000
00000
00000
40000
00000
00000
00000
00004
00000
00000
00700
07770
77777
70007
77777
07770
00700
00400
00000
00000
00000
70000
70000
77000
07700
07770
00770
00770
07700
77700
77000
70000
23200
00000
23200
00000
02320
00000
00070
00070
00770
07700
77700
77000
77000
07700
07770
00770
00070
00040
00000
00000
00000
00770
77777
70707
77777
77777
70707
77777
77777
70707
77777
77777
70007
77777
07777
77770
07777
77770
07777
77770
07777
88888
88888
08080
08080
08080
08080
88888
48884
08080
08080
08080
88888
88888
88888
48884
08080
08080
08080
88888
88888
88888
48884
08080
08080
08080
88888
88888
88888
88888
88888
88888
88888
88888
88888
88888
88888
88888
88888
88888
88888
88888
88888
88888
88888
88888
88888
88888
88888
88888
88888
88888
88888
88088
88088
88088
88088
04088
00088
00008
00008
08008
88888
88880
88880
88880
88880
88880
88880
08800
08800
08800
08800
00888
00888
00888
00888
00888
00808
00808
00808
00888
08880
08800
88800
88000
80000
40000
00000
00000
00000
88888
88888
88888
88888
88888
08880
08880
00800
00800
00800
88888
88888
88888
88888
88888
88888
88888
88888
